_target_: oxeo.water.datamodules.tile_datamodule.TileDataModule

train_constellation_tile_ids:
  sentinel-2: [43_P_10000_65_138, 43_P_10000_66_137, 43_P_10000_66_138, 43_P_10000_67_137]
  landsat-5: [43_P_10000_65_138, 43_P_10000_66_137, 43_P_10000_66_138, 43_P_10000_67_137]
  landsat-7: [43_P_10000_65_138, 43_P_10000_66_137, 43_P_10000_66_138, 43_P_10000_67_137]
  landsat-8: [43_P_10000_65_138, 43_P_10000_66_137, 43_P_10000_66_138, 43_P_10000_67_137]
val_constellation_tile_ids:
  sentinel-2: [43_P_10000_65_137]
  landsat-5: [43_P_10000_65_137]
  landsat-7: [43_P_10000_65_137]
  landsat-8: [43_P_10000_65_137]
bands: [nir, red, green, blue, swir1, swir2]
target_size: 1000
chip_size: 256
revisits_per_epoch: 250
samples_per_revisit: 256
batch_size: 32
num_workers: 4
pin_memory: False
band_mean:
  landsat-5:
    nir: 78.08079261373211
    red: 82.10799841959945
    green: 69.99139034434506
    blue: 120.89374802196569
    swir1: 86.11312575235466
    swir2: 50.10736324564611
  landsat-8:
    nir: 11588.495081787236
    red: 10308.54118698969
    green: 10106.44449546895
    blue: 9884.55775884742
    swir1: 12071.537784915748
    swir2: 10871.051386965786
  landsat-7:
    nir: 72.27271083235563
    red: 85.65807242183807
    green: 76.96115979067073
    blue: 84.24287881508414
    swir1: 56.283669505777425
    swir2: 47.02534835116964
  sentinel-2:
    nir: 3175.673410052767
    red: 2846.159579344525
    green: 2634.6308636582967
    blue: 2721.078732531038
    swir1: 2137.4177086230193
    swir2: 1777.2740551498377
band_std:
  landsat-5:
    nir: 24.299732295164358
    red: 27.37088066578927
    green: 23.554475560519542
    blue: 27.24220535159498
    swir1: 26.523755790023117
    swir2: 15.927408055378917
  landsat-8:
    nir: 7612.821586091905
    red: 7076.499881683219
    green: 6663.153409784478
    blue: 6689.747109784984
    swir1: 3433.7471531465985
    swir2: 2461.9295023428126
  landsat-7:
    nir: 30.7033743876003
    red: 37.47611218236394
    green: 34.36812940537788
    blue: 35.293053752596514
    swir1: 24.828005111952915
    swir2: 20.804454855763225
  sentinel-2:
    nir: 1087.7698670480916
    red: 1081.0526680766202
    green: 976.0808202370134
    blue: 957.661892401617
    swir1: 756.0228427782063
    swir2: 633.4654474029353
